0.0001
0.0011
0.0021
0.0031
0.0041
0.0051
0.0061
0.0071
0.0081
0.0091
0.0101
0.0111
0.0121
0.0131
0.0141
0.0151
0.0161
0.0171
0.0181
0.0191
0.0201
0.0211
0.0221
0.0231
0.0241
0.0251
0.0261
0.0271
0.0281
0.0291
0.0301
0.0311
0.0321
0.0331
0.0341
0.0351
0.0361
0.0371
0.0381
0.0391
0.0401
0.0411
0.0421
0.0431
0.0441
0.0451
0.0461
0.0471
0.0481
0.0491
0.0501
0.0511
0.0521
0.0531
0.0541
0.0551
0.0561
0.0571
0.0581
0.0591
0.0601
0.0611
0.0621
0.0631
0.0641
0.0651
0.0661
0.0671
0.0681
0.0691
0.0701
0.0711
0.0721
0.0731
0.0741
0.0751
0.0761
0.0771
0.0781
0.0791
0.0801
0.0811
0.0821
0.0831
0.0841
0.0851
0.0861
0.0871
0.0881
0.0891
0.0901
0.0911
0.0921
0.0931
0.0941
0.0951
0.0961
0.0971
0.0981
0.0991
0.1