0.00001
0.00010
0.00019
0.00028
0.00037
0.00046
0.00055
0.00064
0.00073
0.00082
0.00091
0.00100
0.00109
0.00118
0.00127
0.00136
0.00145
0.00154
0.00163
0.00172
0.00181
0.00190
0.00199
0.00208
0.00217
0.00226
0.00235
0.00244
0.00253
0.00262
0.00271
0.00280
0.00289
0.00298
0.00307
0.00316
0.00325
0.00334
0.00343
0.00352
0.00361
0.00370
0.00379
0.00388
0.00397
0.00406
0.00415
0.00424
0.00433
0.00442
0.00451
0.00460
0.00469
0.00478
0.00487
0.00496
0.00505
0.00514
0.00523
0.00532
0.00541
0.00550
0.00559
0.00568
0.00577
0.00586
0.00595
0.00604
0.00613
0.00622
0.00631
0.00640
0.00649
0.00658
0.00667
0.00676
0.00685
0.00694
0.00703
0.00712
0.00721
0.00730
0.00739
0.00748
0.00757
0.00766
0.00775
0.00784
0.00793
0.00802
0.00811
0.00820
0.00829
0.00838
0.00847
0.00856
0.00865
0.00874
0.00883
0.00892
0.00901
0.00910
0.00919
0.00928
0.00937
0.00946
0.00955
0.00964
0.00973
0.00982
0.00991
0.01000
0.01009
0.01018
0.01027
0.01036
0.01045
0.01054
0.01063
0.01072
0.01081
0.01090
0.01099
0.01108
0.01117
0.01126
0.01135
0.01144
0.01153
0.01162
0.01171
0.01180
0.01189
0.01198
0.01207
0.01216
0.01225
0.01234
0.01243
0.01252
0.01261
0.01270
0.01279
0.01288
0.01297
0.01306
0.01315
0.01324
0.01333
0.01342
0.01351
0.01360
0.01369
0.01378
0.01387
0.01396
0.01405
0.01414
0.01423
0.01432
0.01441
0.01450
0.01459
0.01468
0.01477
0.01486
0.01495
0.01504
0.01513
0.01522
0.01531
0.01540
0.01549
0.01558
0.01567
0.01576
0.01585
0.01594
0.01603
0.01612
0.01621
0.01630
0.01639
0.01648
0.01657
0.01666
0.01675
0.01684
0.01693
0.01702
0.01711
0.01720
0.01729
0.01738
0.01747
0.01756
0.01765
0.01774
0.01783
0.01792
0.01801
0.01810
0.01819
0.01828
0.01837
0.01846
0.01855
0.01864
0.01873
0.01882
0.01891
0.01900
0.01909
0.01918
0.01927
0.01936
0.01945
0.01954
0.01963
0.01972
0.01981
0.01990
0.01999
0.02008
0.02017
0.02026
0.02035
0.02044
0.02053
0.02062
0.02071
0.02080
0.02089
0.02098
0.02107
0.02116
0.02125
0.02134
0.02143
0.02152
0.02161
0.02170
0.02179
0.02188
0.02197
0.02206
0.02215
0.02224
0.02233
0.02242
0.02251
0.02260
0.02269
0.02278
0.02287
0.02296
0.02305
0.02314
0.02323
0.02332
0.02341
0.02350
0.02359
0.02368
0.02377
0.02386
0.02395
0.02404
0.02413
0.02422
0.02431
0.02440
0.02449
0.02458
0.02467
0.02476
0.02485
0.02494
0.02503
0.02512
0.02521
0.02530
0.02539
0.02548
0.02557
0.02566
0.02575
0.02584
0.02593
0.02602
0.02611
0.02620
0.02629
0.02638
0.02647
0.02656
0.02665
0.02674
0.02683
0.02692
0.02701
0.02710
0.02719
0.02728
0.02737
0.02746
0.02755
0.02764
0.02773
0.02782
0.02791
0.02800
0.02809
0.02818
0.02827
0.02836
0.02845
0.02854
0.02863
0.02872
0.02881
0.02890
0.02899
0.02908
0.02917
0.02926
0.02935
0.02944
0.02953
0.02962
0.02971
0.02980
0.02989
0.02998
0.03007
0.03016
0.03025
0.03034
0.03043
0.03052
0.03061
0.03070
0.03079
0.03088
0.03097
0.03106
0.03115
0.03124
0.03133
0.03142
0.03151
0.03160
0.03169
0.03178
0.03187
0.03196
0.03205
0.03214
0.03223
0.03232
0.03241
0.03250
0.03259
0.03268
0.03277
0.03286
0.03295
0.03304
0.03313
0.03322
0.03331
0.03340
0.03349
0.03358
0.03367
0.03376
0.03385
0.03394
0.03403
0.03412
0.03421
0.03430
0.03439
0.03448
0.03457
0.03466
0.03475
0.03484
0.03493
0.03502
0.03511
0.03520
0.03529
0.03538
0.03547
0.03556
0.03565
0.03574
0.03583
0.03592
0.03601
0.03610
0.03619
0.03628
0.03637
0.03646
0.03655
0.03664
0.03673
0.03682
0.03691
0.03700
0.03709
0.03718
0.03727
0.03736
0.03745
0.03754
0.03763
0.03772
0.03781
0.03790
0.03799
0.03808
0.03817
0.03826
0.03835
0.03844
0.03853
0.03862
0.03871
0.03880
0.03889
0.03898
0.03907
0.03916
0.03925
0.03934
0.03943
0.03952
0.03961
0.03970
0.03979
0.03988
0.03997
0.04006
0.04015
0.04024
0.04033
0.04042
0.04051
0.04060
0.04069
0.04078
0.04087
0.04096
0.04105
0.04114
0.04123
0.04132
0.04141
0.04150
0.04159
0.04168
0.04177
0.04186
0.04195
0.04204
0.04213
0.04222
0.04231
0.04240
0.04249
0.04258
0.04267
0.04276
0.04285
0.04294
0.04303
0.04312
0.04321
0.04330
0.04339
0.04348
0.04357
0.04366
0.04375
0.04384
0.04393
0.04402
0.04411
0.04420
0.04429
0.04438
0.04447
0.04456
0.04465
0.04474
0.04483
0.04492
0.04501
0.04510
0.04519
0.04528
0.04537
0.04546
0.04555
0.04564
0.04573
0.04582
0.04591
0.04600
0.04609
0.04618
0.04627
0.04636
0.04645
0.04654
0.04663
0.04672
0.04681
0.04690
0.04699
0.04708
0.04717
0.04726
0.04735
0.04744
0.04753
0.04762
0.04771
0.04780
0.04789
0.04798
0.04807
0.04816
0.04825
0.04834
0.04843
0.04852
0.04861
0.04870
0.04879
0.04888
0.04897
0.04906
0.04915
0.04924
0.04933
0.04942
0.04951
0.04960
0.04969
0.04978
0.04987
0.04996
0.05005
0.05014
0.05023
0.05032
0.05041
0.05050
0.05059
0.05068
0.05077
0.05086
0.05095
0.05104
0.05113
0.05122
0.05131
0.05140
0.05149
0.05158
0.05167
0.05176
0.05185
0.05194
0.05203
0.05212
0.05221
0.05230
0.05239
0.05248
0.05257
0.05266
0.05275
0.05284
0.05293
0.05302
0.05311
0.05320
0.05329
0.05338
0.05347
0.05356
0.05365
0.05374
0.05383
0.05392
0.05401
0.05410
0.05419
0.05428
0.05437
0.05446
0.05455
0.05464
0.05473
0.05482
0.05491
0.05500
0.05509
0.05518
0.05527
0.05536
0.05545
0.05554
0.05563
0.05572
0.05581
0.05590
0.05599
0.05608
0.05617
0.05626
0.05635
0.05644
0.05653
0.05662
0.05671
0.05680
0.05689
0.05698
0.05707
0.05716
0.05725
0.05734
0.05743
0.05752
0.05761
0.05770
0.05779
0.05788
0.05797
0.05806
0.05815
0.05824
0.05833
0.05842
0.05851
0.05860
0.05869
0.05878
0.05887
0.05896
0.05905
0.05914
0.05923
0.05932
0.05941
0.05950
0.05959
0.05968
0.05977
0.05986
0.05995
0.06004
0.06013
0.06022
0.06031
0.06040
0.06049
0.06058
0.06067
0.06076
0.06085
0.06094
0.06103
0.06112
0.06121
0.06130
0.06139
0.06148
0.06157
0.06166
0.06175
0.06184
0.06193
0.06202
0.06211
0.06220
0.06229
0.06238
0.06247
0.06256
0.06265
0.06274
0.06283
0.06292
0.06301
0.06310
0.06319
0.06328
0.06337
0.06346
0.06355
0.06364
0.06373
0.06382
0.06391
0.06400
0.06409
0.06418
0.06427
0.06436
0.06445
0.06454
0.06463
0.06472
0.06481
0.06490
0.06499
0.06508
0.06517
0.06526
0.06535
0.06544
0.06553
0.06562
0.06571
0.06580
0.06589
0.06598
0.06607
0.06616
0.06625
0.06634
0.06643
0.06652
0.06661
0.06670
0.06679
0.06688
0.06697
0.06706
0.06715
0.06724
0.06733
0.06742
0.06751
0.06760
0.06769
0.06778
0.06787
0.06796
0.06805
0.06814
0.06823
0.06832
0.06841
0.06850
0.06859
0.06868
0.06877
0.06886
0.06895
0.06904
0.06913
0.06922
0.06931
0.06940
0.06949
0.06958
0.06967
0.06976
0.06985
0.06994
0.07003
0.07012
0.07021
0.07030
0.07039
0.07048
0.07057
0.07066
0.07075
0.07084
0.07093
0.07102
0.07111
0.07120
0.07129
0.07138
0.07147
0.07156
0.07165
0.07174
0.07183
0.07192
0.07201
0.07210
0.07219
0.07228
0.07237
0.07246
0.07255
0.07264
0.07273
0.07282
0.07291
0.07300
0.07309
0.07318
0.07327
0.07336
0.07345
0.07354
0.07363
0.07372
0.07381
0.07390
0.07399
0.07408
0.07417
0.07426
0.07435
0.07444
0.07453
0.07462
0.07471
0.07480
0.07489
0.07498
0.07507
0.07516
0.07525
0.07534
0.07543
0.07552
0.07561
0.07570
0.07579
0.07588
0.07597
0.07606
0.07615
0.07624
0.07633
0.07642
0.07651
0.07660
0.07669
0.07678
0.07687
0.07696
0.07705
0.07714
0.07723
0.07732
0.07741
0.07750
0.07759
0.07768
0.07777
0.07786
0.07795
0.07804
0.07813
0.07822
0.07831
0.07840
0.07849
0.07858
0.07867
0.07876
0.07885
0.07894
0.07903
0.07912
0.07921
0.07930
0.07939
0.07948
0.07957
0.07966
0.07975
0.07984
0.07993
0.08002
0.08011
0.08020
0.08029
0.08038
0.08047
0.08056
0.08065
0.08074
0.08083
0.08092
0.08101
0.08110
0.08119
0.08128
0.08137
0.08146
0.08155
0.08164
0.08173
0.08182
0.08191
0.08200
0.08209
0.08218
0.08227
0.08236
0.08245
0.08254
0.08263
0.08272
0.08281
0.08290
0.08299
0.08308
0.08317
0.08326
0.08335
0.08344
0.08353
0.08362
0.08371
0.08380
0.08389
0.08398
0.08407
0.08416
0.08425
0.08434
0.08443
0.08452
0.08461
0.08470
0.08479
0.08488
0.08497
0.08506
0.08515
0.08524
0.08533
0.08542
0.08551
0.08560
0.08569
0.08578
0.08587
0.08596
0.08605
0.08614
0.08623
0.08632
0.08641
0.08650
0.08659
0.08668
0.08677
0.08686
0.08695
0.08704
0.08713
0.08722
0.08731
0.08740
0.08749
0.08758
0.08767
0.08776
0.08785
0.08794
0.08803
0.08812
0.08821
0.08830
0.08839
0.08848
0.08857
0.08866
0.08875
0.08884
0.08893
0.08902
0.08911
0.08920
0.08929
0.08938
0.08947
0.08956
0.08965
0.08974
0.08983
0.08992
0.09001
0.09010
0.09019
0.09028
0.09037
0.09046
0.09055
0.09064
0.09073
0.09082
0.09091
0.09100
0.09109
0.09118
0.09127
0.09136
0.09145
0.09154
0.09163
0.09172
0.09181
0.09190
0.09199
0.09208
0.09217
0.09226
0.09235
0.09244
0.09253
0.09262
0.09271
0.09280
0.09289
0.09298
0.09307
0.09316
0.09325
0.09334
0.09343
0.09352
0.09361
0.09370
0.09379
0.09388
0.09397
0.09406
0.09415
0.09424
0.09433
0.09442
0.09451
0.09460
0.09469
0.09478
0.09487
0.09496
0.09505
0.09514
0.09523
0.09532
0.09541
0.09550
0.09559
0.09568
0.09577
0.09586
0.09595
0.09604
0.09613
0.09622
0.09631
0.09640
0.09649
0.09658
0.09667
0.09676
0.09685
0.09694
0.09703
0.09712
0.09721
0.09730
0.09739
0.09748
0.09757
0.09766
0.09775
0.09784
0.09793
0.09802
0.09811
0.09820
0.09829
0.09838
0.09847
0.09856
0.09865
0.09874
0.09883
0.09892
0.09901
0.09910
0.09919
0.09928
0.09937
0.09946
0.09955
0.09964
0.09973
0.09982
0.09991
0.10000
